<?xml version="1.0" encoding="UTF-8"?>
<svg version="1.1" xmlns="http://www.w3.org/2000/svg" width="512" height="512">
    <path
        d="M0 0 C17.09738201 16.2412539 24.16928162 38.69634008 25.37231255 61.79910278 C25.44836505 65.38960392 25.46618446 68.97512006 25.45874023 72.56640625 C25.46314419 73.92357694 25.46845229 75.28074493 25.47457886 76.63790894 C25.48594855 79.52692302 25.4915285 82.41586506 25.49246025 85.30490112 C25.49442713 89.88896128 25.51261981 94.47287556 25.53321838 99.05688477 C25.58204657 110.43644176 25.613238 121.81603763 25.63452148 133.19567871 C25.65111747 142.05856157 25.67410926 150.92131643 25.71754223 159.78411388 C25.73910242 164.32524762 25.74739715 168.86613683 25.74514949 173.40731812 C25.74683557 176.24881055 25.76099956 179.09014765 25.77836227 181.9315834 C25.78648026 183.84295286 25.78009847 185.75436748 25.772995 187.66574097 C25.8671845 199.15577931 27.2828301 210.80829339 32.625 221.125 C32.95701416 221.76719482 33.28902832 222.40938965 33.63110352 223.07104492 C37.73171364 230.71171039 42.90164892 237.68155929 48.09936523 244.6027832 C50.57546748 248.35110312 50.6305425 251.89341546 50.1875 256.25 C46.87080049 261.51097163 41.96928237 264.97661891 37.1484375 268.828125 C34.23254101 271.21315907 31.45577866 273.69588616 28.6875 276.25 C24.2270166 280.35516751 19.61904473 284.20697975 14.8984375 288.0078125 C11.26948464 291.00928071 7.81972281 294.18826963 4.37890625 297.40234375 C1.1840161 300.09607466 -0.96199294 301.15371618 -5.125 301.625 C-12.99454799 300.82470698 -18.16178961 295.44916813 -23.5 290.0625 C-24.18900391 289.37140137 -24.87800781 288.68030273 -25.58789062 287.96826172 C-43.8125 269.19151917 -43.8125 269.19151917 -43.8125 262.25 C-44.93842245 263.22810582 -46.06315233 264.20758435 -47.1875 265.1875 C-48.29738281 266.15236328 -48.29738281 266.15236328 -49.4296875 267.13671875 C-50.97827979 268.5101424 -52.50594542 269.90766265 -54.0078125 271.33203125 C-71.66415622 287.94096475 -92.63003597 299.11584709 -116.8125 302.25 C-117.62332031 302.36214844 -118.43414062 302.47429687 -119.26953125 302.58984375 C-146.58123588 305.72961452 -174.69755482 302.50367355 -197.0625 285.4375 C-215.28917697 270.01265849 -224.65780429 248.8265415 -226.8125 225.25 C-228.62355004 195.09732922 -222.93768464 166.54993787 -202.64892578 143.29931641 C-172.46201398 110.23657137 -125.92544475 104.76186662 -83.875 100 C-83.09905487 99.91096405 -82.32310974 99.8219281 -81.52365112 99.73019409 C-73.26501808 98.79105345 -65.13946913 98.01846561 -56.8125 98.25 C-56.8823704 94.19674472 -56.97078423 90.14431905 -57.07495117 86.09179688 C-57.10780044 84.71885756 -57.13595067 83.34579613 -57.15893555 81.97265625 C-57.39544642 68.20470438 -58.53321177 54.02840071 -68.875 44 C-78.45090869 35.94357434 -90.69658762 34.34775121 -102.8125 35.25 C-115.69981945 37.45092081 -126.6670686 42.04501801 -134.38671875 52.93359375 C-137.63838426 58.21643662 -139.64815532 63.52626985 -141.25 69.5 C-142.60525182 74.00814335 -143.60960845 76.72826507 -147.8125 79.25 C-158.71305868 80.48849193 -170.22980276 78.46971466 -181.06201172 77.27856445 C-184.20023962 76.93610981 -187.34008991 76.61307441 -190.48046875 76.29101562 C-192.49491811 76.0740877 -194.50924607 75.85602867 -196.5234375 75.63671875 C-197.45272064 75.54283371 -198.38200378 75.44894867 -199.33944702 75.35221863 C-205.44237017 74.65834686 -210.49826078 73.45949281 -215.6875 70 C-218.23051706 66.04419568 -218.02952141 61.45827196 -217.09765625 57.0078125 C-216.70962393 55.45852168 -216.30104944 53.91427028 -215.875 52.375 C-215.64973633 51.5492749 -215.42447266 50.7235498 -215.19238281 49.87280273 C-211.22630397 36.08501668 -205.03389708 24.23922969 -195.8125 13.25 C-195.13832031 12.40179688 -194.46414062 11.55359375 -193.76953125 10.6796875 C-173.25768434 -13.87295476 -138.98216908 -24.54152817 -108.18896484 -27.50683594 C-70.03591705 -30.25451747 -30.06113752 -25.79061381 0 0 Z M-85.5 146.4375 C-86.6612439 146.63714355 -86.6612439 146.63714355 -87.84594727 146.84082031 C-105.32504758 150.03540596 -121.32328746 155.97552382 -132.8125 170.25 C-141.69741249 183.79338669 -143.53167501 199.69817819 -140.6875 215.375 C-138.19018284 225.87298138 -132.95655992 234.28648266 -123.8125 240.25 C-114.12448056 244.81128542 -104.92222507 245.24462362 -94.6796875 242.37109375 C-86.9384757 239.53000962 -81.5179106 235.10933354 -75.8125 229.25 C-75.26078125 228.73050781 -74.7090625 228.21101563 -74.140625 227.67578125 C-60.92373979 214.13913269 -56.59632806 192.29458425 -56.71484375 174.15625 C-56.7162587 173.32411987 -56.71767365 172.49198975 -56.71913147 171.63464355 C-56.72467833 169.0063907 -56.73722055 166.37822662 -56.75 163.75 C-56.75502188 161.95573041 -56.75958358 160.16145946 -56.76367188 158.3671875 C-56.77463028 153.99475805 -56.79185752 149.62239402 -56.8125 145.25 C-71.21357545 144.93271341 -71.21357545 144.93271341 -85.5 146.4375 Z "
        fill="#000000" transform="translate(337.8125,87.75)" />
    <path
        d="M0 0 C2 1.0625 2 1.0625 3 3 C3.625 6.25 3.625 6.25 3 10 C-0.92537794 14.9823207 -6.17786932 18.93499011 -11.25 22.6875 C-11.93908447 23.19804932 -12.62816895 23.70859863 -13.33813477 24.23461914 C-36.58001668 41.21276836 -62.01809832 54.09536542 -89 64 C-89.88574707 64.32693848 -90.77149414 64.65387695 -91.68408203 64.99072266 C-171.08893516 93.88304524 -261.76747058 90.35730004 -338.5625 55.0625 C-355.53495819 47.05900899 -371.62966901 38.0713115 -387.0390625 27.35742188 C-388.85738277 26.09872408 -390.69092254 24.86680649 -392.53125 23.640625 C-393.5315625 22.95484375 -394.531875 22.2690625 -395.5625 21.5625 C-396.83287109 20.69818359 -396.83287109 20.69818359 -398.12890625 19.81640625 C-400.42535382 17.58707824 -400.79381832 16.1597342 -401 13 C-399.9375 11.125 -399.9375 11.125 -398 10 C-393.67221282 10.44237045 -390.09479488 11.63591961 -386.125 13.37109375 C-384.9908667 13.85803711 -383.8567334 14.34498047 -382.68823242 14.84667969 C-381.78915665 15.23551331 -381.78915665 15.23551331 -380.87191772 15.63220215 C-308.74925912 46.65932543 -227.90039388 57.25175395 -49.29003906 19.34277344 C-37.87862676 14.68539976 -26.66660465 9.49854468 -15.76806641 3.74243164 C-10.24189359 0.83588756 -6.26267135 -1.1816361 0 0 Z "
        fill="#F69B06" transform="translate(436,368)" />
    <path
        d="M0 0 C2.67548911 4.43366767 2.34520487 9.35314295 2.3125 14.375 C2.30512817 15.70857544 2.30512817 15.70857544 2.29760742 17.0690918 C1.91022095 39.16998656 -5.84338086 60.55944086 -20.5703125 77.05078125 C-23 79 -23 79 -25.8046875 79.29296875 C-26.52914062 79.19628906 -27.25359375 79.09960938 -28 79 C-29.06307623 75.04818774 -28.87144703 72.5681642 -27.671875 68.67578125 C-27.36773682 67.65532715 -27.06359863 66.63487305 -26.75024414 65.58349609 C-26.42016357 64.50406738 -26.09008301 63.42463867 -25.75 62.3125 C-23.47372101 54.54915504 -21.35870774 46.86685606 -20.0625 38.875 C-19.88895996 37.82179565 -19.88895996 37.82179565 -19.71191406 36.74731445 C-18.33341057 27.59770782 -18.33341057 27.59770782 -21 19 C-25.23560398 16.42006013 -29.16364507 16.57702223 -34 16.5625 C-34.90049072 16.55863281 -35.80098145 16.55476563 -36.72875977 16.55078125 C-48.37309905 16.73898843 -59.71539365 19.17888446 -71.08178711 21.54101562 C-74.10186209 22.01602114 -76.94796125 22.07942846 -80 22 C-80.8125 19.8125 -80.8125 19.8125 -81 17 C-79.39077461 14.81605125 -78.12544813 13.62048205 -76 12 C-75.28972656 11.45214844 -74.57945312 10.90429688 -73.84765625 10.33984375 C-63.28205492 2.93252694 -49.74763154 -1.26884016 -37 -3 C-35.79537109 -3.16435547 -35.79537109 -3.16435547 -34.56640625 -3.33203125 C-24.2907563 -4.53433039 -8.92797062 -6.23976848 0 0 Z "
        fill="#F69B06" transform="translate(474,337)" />
</svg>